2 2473 2473 1010
3 1777 1777 912
4 1483 1483 799
5 1340 1340 770
6 1234 1234 761
7 1157 1157 712
8 1088 1088 669
9 1060 1060 676
10 995 995 640
11 980 980 639
12 929 929 610
13 911 911 600
14 885 885 589
15 861 861 576
16 825 825 567
17 829 829 561
18 819 819 562
19 803 803 551
20 776 776 528
21 763 763 520
22 760 760 530
23 730 730 506
24 713 713 493
25 722 722 503
26 684 684 473
27 674 674 472
28 668 668 466
29 656 656 472
30 665 665 479
31 642 642 453
32 637 637 465
33 643 643 465
34 620 620 451
35 605 605 446
36 599 599 435
37 583 583 428
38 585 585 427
39 572 572 414
40 568 568 414
41 569 569 415
42 550 550 399
43 556 556 407
44 546 546 403
45 536 536 393
46 532 532 386
47 517 517 376
48 517 517 381
49 498 498 374
50 479 479 353
51 482 482 353
52 487 487 363
53 476 476 352
54 468 468 347
55 457 457 340
56 453 453 347
57 448 448 336
58 447 447 339
59 434 434 330
60 423 423 327
61 422 422 319
62 412 412 331
63 389 389 306
64 384 384 299
65 403 403 328
66 369 369 303
67 347 347 280
68 368 368 300
69 351 351 282
70 344 344 274
71 358 358 287
72 299 299 227
73 317 317 244
74 312 312 238
75 315 315 240
76 294 294 218
77 285 285 208
78 281 281 203
79 272 272 193
80 259 259 179
81 265 265 184
82 243 243 161
83 245 245 162
84 239 239 155
85 213 213 128
86 207 207 121
87 211 211 124
88 209 209 121
89 205 205 116
90 184 184 94
91 177 177 86
92 159 159 67
93 158 158 65
94 155 155 61
95 139 139 44
96 132 132 36
97 123 123 26
98 115 115 17
99 108 108 9
100 100 100 0
101 100 100 0
