2 1100 1100 100
3 1100 1100 100
4 1100 1100 100
5 1100 1100 100
6 1100 1100 100
7 1100 1100 100
8 1100 1100 100
9 1100 1100 100
10 1100 1100 100
11 1100 1100 100
12 1100 1100 100
13 1100 1100 100
14 1100 1100 100
15 1100 1100 100
16 1098 1098 100
17 1098 1098 100
18 1097 1097 100
19 1093 1093 100
20 1091 1091 100
21 1094 1094 100
22 1092 1092 100
23 1092 1092 100
24 1087 1087 100
25 1078 1078 100
26 1082 1082 100
27 1076 1076 100
28 1071 1071 100
29 1063 1063 100
30 1060 1060 100
31 1060 1060 100
32 1053 1053 100
33 1043 1043 100
34 1041 1041 100
35 1036 1036 100
36 1029 1029 100
37 1004 1004 100
38 1007 1007 100
39 1013 1013 100
40 995 995 100
41 997 997 100
42 979 979 100
43 960 960 100
44 963 963 100
45 953 953 100
46 949 949 100
47 939 939 100
48 918 918 100
49 908 908 100
50 907 907 100
51 888 888 100
52 880 880 100
53 861 861 100
54 872 872 100
55 861 861 100
56 832 832 100
57 809 809 100
58 817 817 100
59 778 778 100
60 818 818 100
61 764 764 100
62 755 755 100
63 744 744 100
64 740 740 100
65 695 695 100
66 684 684 100
67 679 679 100
68 660 660 100
69 659 659 100
70 629 629 100
71 631 631 100
72 606 606 100
73 594 594 100
74 573 573 100
75 555 555 100
76 531 531 100
77 529 529 100
78 516 516 100
79 489 489 100
80 482 482 100
81 470 470 100
82 438 438 100
83 415 415 100
84 419 419 100
85 392 392 100
86 370 370 100
87 364 364 100
88 332 332 100
89 303 303 100
90 289 289 100
91 273 273 100
92 255 255 100
93 225 225 100
94 223 223 100
95 201 201 100
96 173 173 77
97 161 161 64
98 138 138 40
99 122 122 23
100 100 100 0
101 100 100 0
