2 304 304 204
3 299 299 199
4 298 298 198
5 294 294 194
6 291 291 191
7 295 295 195
8 289 289 190
9 288 288 189
10 288 288 188
11 293 293 193
12 289 289 190
13 282 282 185
14 285 285 186
15 285 285 187
16 283 283 186
17 283 283 184
18 285 285 187
19 279 279 182
20 274 274 176
21 276 276 178
22 278 278 180
23 269 269 175
24 279 279 180
25 285 285 187
26 276 276 177
27 266 266 169
28 262 262 165
29 259 259 168
30 268 268 176
31 268 268 173
32 268 268 175
33 263 263 172
34 261 261 167
35 252 252 163
36 249 249 157
37 256 256 164
38 237 237 151
39 266 266 171
40 251 251 158
41 250 250 161
42 253 253 162
43 255 255 161
44 241 241 154
45 236 236 150
46 236 236 156
47 230 230 152
48 245 245 162
49 242 242 153
50 222 222 141
51 238 238 152
52 223 223 146
53 218 218 152
54 224 224 144
55 226 226 151
56 221 221 142
57 217 217 147
58 206 206 142
59 222 222 143
60 203 203 139
61 199 199 134
62 203 203 141
63 202 202 135
64 208 208 136
65 193 193 128
66 195 195 129
67 184 184 117
68 189 189 121
69 200 200 131
70 189 189 119
71 196 196 125
72 170 170 98
73 183 183 110
74 170 170 96
75 157 157 82
76 169 169 93
77 171 171 94
78 156 156 78
79 152 152 73
80 160 160 80
81 159 159 78
82 148 148 66
83 147 147 64
84 146 146 62
85 140 140 55
86 140 140 54
87 133 133 46
88 130 130 42
89 134 134 45
90 133 133 43
91 127 127 36
92 120 120 28
93 123 123 30
94 120 120 26
95 118 118 23
96 113 113 17
97 106 106 9
98 107 107 9
99 103 103 4
100 100 100 0
101 100 100 0
