2 299 299 199
3 298 298 198
4 298 298 198
5 295 295 196
6 293 293 194
7 293 293 194
8 292 292 193
9 289 289 190
10 288 288 189
11 288 288 189
12 287 287 188
13 284 284 185
14 283 283 184
15 280 280 181
16 279 279 181
17 279 279 181
18 278 278 181
19 276 276 181
20 275 275 181
21 273 273 179
22 273 273 178
23 271 271 177
24 271 271 177
25 270 270 177
26 269 269 176
27 268 268 175
28 268 268 175
29 266 266 173
30 257 257 164
31 253 253 160
32 253 253 160
33 253 253 160
34 252 252 159
35 251 251 159
36 251 251 159
37 251 251 159
38 251 251 159
39 249 249 155
40 247 247 154
41 247 247 154
42 247 247 154
43 244 244 154
44 244 244 154
45 244 244 153
46 244 244 153
47 238 238 153
48 236 236 153
49 236 236 153
50 236 236 153
51 234 234 153
52 230 230 153
53 228 228 153
54 215 215 152
55 203 203 148
56 202 202 146
57 202 202 145
58 200 200 142
59 200 200 141
60 200 200 140
61 200 200 139
62 200 200 138
63 200 200 137
64 200 200 136
65 200 200 135
66 200 200 134
67 200 200 133
68 200 200 132
69 200 200 131
70 200 200 130
71 200 200 129
72 200 200 128
73 200 200 127
74 200 200 126
75 200 200 125
76 200 200 123
77 200 200 122
78 200 200 121
79 200 200 120
80 200 200 120
81 200 200 118
82 200 200 118
83 200 200 116
84 200 200 116
85 200 200 115
86 200 200 113
87 200 200 113
88 200 200 112
89 200 200 111
90 200 200 110
91 200 200 109
92 200 200 108
93 200 200 107
94 200 200 106
95 200 200 105
96 200 200 104
97 200 200 103
98 200 200 102
99 200 200 101
100 100 100 0
101 100 100 0
