2 2178 2178 940
3 1616 1616 844
4 1344 1344 716
5 1232 1232 716
6 1232 1232 716
7 1112 1112 604
8 1008 1008 604
9 1008 1008 604
10 1008 1008 604
11 1008 1008 604
12 1008 1008 604
13 900 900 500
14 800 800 500
15 800 800 500
16 800 800 500
17 800 800 500
18 800 800 500
19 800 800 500
20 800 800 500
21 800 800 500
22 800 800 500
23 800 800 500
24 800 800 500
25 700 700 400
26 698 698 400
27 600 600 400
28 600 600 400
29 600 600 400
30 600 600 400
31 600 600 400
32 600 600 400
33 600 600 400
34 600 600 400
35 600 600 400
36 600 600 400
37 600 600 400
38 600 600 400
39 600 600 400
40 600 600 400
41 600 600 400
42 600 600 400
43 600 600 400
44 600 600 400
45 600 600 400
46 600 600 400
47 600 600 400
48 600 600 400
49 600 600 400
50 500 500 300
51 499 499 300
52 400 400 300
53 400 400 300
54 400 400 300
55 400 400 300
56 400 400 300
57 400 400 300
58 400 400 300
59 400 400 300
60 400 400 300
61 400 400 300
62 400 400 300
63 400 400 300
64 400 400 300
65 400 400 300
66 400 400 300
67 400 400 300
68 400 400 300
69 400 400 300
70 400 400 300
71 400 400 300
72 400 400 300
73 400 400 300
74 400 400 300
75 400 400 300
76 400 400 300
77 400 400 300
78 400 400 300
79 400 400 300
80 400 400 300
81 400 400 300
82 400 400 300
83 400 400 300
84 400 400 300
85 400 400 300
86 400 400 300
87 400 400 300
88 400 400 300
89 400 400 300
90 400 400 300
91 400 400 300
92 400 400 300
93 400 400 300
94 400 400 300
95 400 400 300
96 400 400 300
97 400 400 300
98 400 400 300
99 400 400 300
100 100 100 0
101 100 100 0
