2 2504 2504 1006
3 1838 1838 890
4 1548 1548 809
5 1453 1453 787
6 1299 1299 724
7 1230 1230 694
8 1154 1154 660
9 1113 1113 664
10 1066 1066 631
11 1020 1020 608
12 1023 1023 620
13 961 961 585
14 952 952 578
15 917 917 573
16 895 895 563
17 882 882 555
18 870 870 547
19 832 832 525
20 845 845 538
21 802 802 512
22 790 790 511
23 792 792 503
24 752 752 481
25 762 762 495
26 729 729 470
27 749 749 491
28 736 736 481
29 695 695 466
30 698 698 464
31 681 681 446
32 676 676 456
33 664 664 445
34 655 655 431
35 651 651 430
36 629 629 422
37 616 616 417
38 610 610 413
39 622 622 415
40 599 599 411
41 585 585 396
42 585 585 402
43 579 579 393
44 567 567 386
45 537 537 376
46 518 518 360
47 535 535 376
48 518 518 353
49 551 551 382
50 512 512 357
51 518 518 367
52 473 473 329
53 491 491 336
54 505 505 359
55 469 469 328
56 454 454 313
57 429 429 302
58 424 424 298
59 424 424 300
60 431 431 295
61 431 431 301
62 407 407 281
63 420 420 286
64 413 413 273
65 372 372 261
66 366 366 257
67 367 367 262
68 344 344 235
69 375 375 258
70 364 364 250
71 342 342 229
72 326 326 217
73 298 298 191
74 304 304 204
75 299 299 195
76 290 290 194
77 307 307 202
78 295 295 190
79 266 266 172
80 258 258 158
81 262 262 154
82 270 270 167
83 260 260 160
84 220 220 129
85 219 219 125
86 230 230 137
87 204 204 116
88 185 185 94
89 176 176 83
90 197 197 101
91 175 175 79
92 164 164 68
93 164 164 68
94 157 157 58
95 144 144 46
96 138 138 41
97 129 129 32
98 118 118 20
99 105 105 6
100 100 100 0
101 100 100 0
