2 300 300 200
3 298 298 198
4 297 297 197
5 293 293 193
6 299 299 199
7 297 297 197
8 289 289 190
9 293 293 195
10 289 289 190
11 290 290 191
12 293 293 193
13 291 291 191
14 288 288 190
15 277 277 181
16 278 278 181
17 283 283 186
18 278 278 183
19 280 280 183
20 277 277 179
21 274 274 178
22 268 268 174
23 270 270 175
24 266 266 174
25 274 274 180
26 269 269 175
27 272 272 180
28 262 262 168
29 263 263 169
30 268 268 175
31 260 260 167
32 251 251 158
33 257 257 164
34 254 254 166
35 251 251 166
36 250 250 161
37 248 248 161
38 250 250 162
39 235 235 150
40 246 246 158
41 236 236 152
42 235 235 149
43 232 232 146
44 235 235 147
45 240 240 152
46 231 231 145
47 224 224 141
48 234 234 152
49 233 233 154
50 222 222 141
51 218 218 132
52 205 205 119
53 220 220 140
54 203 203 121
55 214 214 132
56 199 199 118
57 216 216 135
58 208 208 122
59 201 201 116
60 201 201 117
61 192 192 112
62 205 205 122
63 184 184 108
64 190 190 109
65 200 200 113
66 186 186 102
67 180 180 96
68 194 194 105
69 187 187 100
70 179 179 93
71 167 167 87
72 171 171 85
73 171 171 89
74 169 169 85
75 169 169 88
76 163 163 83
77 151 151 64
78 167 167 81
79 149 149 67
80 152 152 68
81 150 150 65
82 145 145 61
83 141 141 54
84 147 147 58
85 142 142 53
86 143 143 52
87 135 135 48
88 143 143 52
89 137 137 45
90 130 130 40
91 119 119 27
92 123 123 29
93 117 117 23
94 116 116 21
95 114 114 19
96 113 113 16
97 114 114 16
98 110 110 12
99 102 102 3
100 100 100 0
101 100 100 0
