2 1100 1100 100
3 1100 1100 100
4 1100 1100 100
5 1100 1100 100
6 1100 1100 100
7 1100 1100 100
8 1100 1100 100
9 1100 1100 100
10 1100 1100 100
11 1100 1100 100
12 1100 1100 100
13 1100 1100 100
14 1100 1100 100
15 1100 1100 100
16 1099 1099 100
17 1098 1098 100
18 1095 1095 100
19 1097 1097 100
20 1091 1091 100
21 1087 1087 100
22 1087 1087 100
23 1092 1092 100
24 1083 1083 100
25 1077 1077 100
26 1077 1077 100
27 1070 1070 100
28 1070 1070 100
29 1061 1061 100
30 1048 1048 100
31 1051 1051 100
32 1051 1051 100
33 1047 1047 100
34 1043 1043 100
35 1015 1015 100
36 1023 1023 100
37 1018 1018 100
38 1016 1016 100
39 1014 1014 100
40 988 988 100
41 998 998 100
42 990 990 100
43 973 973 100
44 960 960 100
45 956 956 100
46 929 929 100
47 917 917 100
48 918 918 100
49 905 905 100
50 879 879 100
51 889 889 100
52 876 876 100
53 847 847 100
54 844 844 100
55 842 842 100
56 810 810 100
57 824 824 100
58 803 803 100
59 793 793 100
60 787 787 100
61 754 754 100
62 747 747 100
63 723 723 100
64 737 737 100
65 712 712 100
66 689 689 100
67 683 683 100
68 665 665 100
69 660 660 100
70 615 615 100
71 604 604 100
72 618 618 100
73 593 593 100
74 564 564 100
75 568 568 99
76 542 542 100
77 516 516 100
78 508 508 100
79 466 466 99
80 486 486 98
81 458 458 100
82 433 433 100
83 425 425 96
84 409 409 98
85 376 376 99
86 356 356 96
87 340 340 96
88 345 345 98
89 307 307 91
90 292 292 92
91 278 278 84
92 250 250 85
93 243 243 82
94 217 217 76
95 199 199 69
96 174 174 63
97 153 153 46
98 139 139 30
99 117 117 18
100 100 100 0
101 100 100 0
