1 34
101 51
201 72
301 101
401 134
501 144
601 175
701 187
801 204
901 228
1001 258
1101 303
1201 335
1301 501
1401 354
1501 379
1601 404
1701 446
1801 471
1901 548
2001 549
2101 521
2201 548
2301 566
2401 590
2501 632
2601 638
2701 662
2801 695
2901 800
3001 736
3101 757
3201 808
3301 807
3401 830
3501 857
3601 880
3701 940
3801 929
3901 952
4001 975
4101 1001
4201 1059
4301 1063
4401 1075
4501 1099
4601 1122
4701 1149
4801 1172
4901 1195
5001 1223
5101 1245
5201 1273
5301 1297
5401 1320
5501 1343
5601 1366
5701 1390
5801 1415
5901 1439
