1 21
101 49
201 71
301 92
401 137
501 140
601 165
701 189
801 201
901 226
1001 259
1101 298
1201 333
1301 659
1401 1040
1501 373
1601 396
1701 3089
1801 4398
1901 7863
2001 11498
2101 12957
2201 15108
2301 16390
2401 19319
2501 20615
2601 24007
2701 25782
2801 28688
2901 32401
3001 33982
3101 36376
3201 36897
3301 39636
3401 39660
3501 40053
3601 39688
3701 39729
3801 40718
3901 39760
4001 41149
4101 40802
4201 39832
4301 39882
4401 42266
4501 41567
4601 41704
4701 41384
4801 41611
4901 41723
5001 43662
5101 45896
5201 50065
5301 50368
5401 54729
5501 54789
5601 59687
5701 60048
5801 61392
5901 65047
